75001
75032
75003
75063
75011
79589
75013
79620
75034
75065
75042
75094
75044
79622
75073
75096
75075
75125
75104
75127
75106
75156
75135
75158
75137
75187
75166
75189
75168
75218
75197
75220
75199
75249
75228
75251
75230
75280
75259
75282
75261
75311
75290
75313
75292
75342
75321
75344
75323
75373
75352
75375
75354
75404
75383
75406
75385
75435
75414
75437
75416
75466
75445
75468
75447
75497
75476
75499
75478
75528
75507
75530
75509
75559
75538
75561
75540
75590
75569
75592
75571
75621
75600
75623
75602
75652
75631
75654
75633
75683
75662
75685
75664
75714
75693
75716
75695
75745
75724
75747
75726
75776
75755
75778
75757
75807
75786
75809
75788
75838
75817
75840
75819
75869
75848
75871
75850
75900
75879
75902
75881
75931
75910
75933
75912
75962
75941
75964
75943
75993
75972
75995
75974
76024
76003
76026
76005
76055
76034
76057
76036
76086
76065
76088
76067
76117
76096
76119
76098
76148
76127
76150
76129
76179
76158
76181
76160
76210
76189
76212
76191
76241
76220
76243
76222
76272
76251
76274
76253
76303
76282
76305
76284
76334
76313
76336
76315
76365
76344
76367
76346
76396
76375
76398
76377
76427
76406
76429
76408
76458
76437
76460
76439
76489
76468
76491
76470
76520
76499
76522
76501
76551
76530
76553
76532
76582
76561
76584
76563
76613
76592
76615
76594
76644
76623
76646
76625
76675
76654
76677
76656
76706
76685
76708
76687
76737
76716
76739
76718
76768
76747
76770
76749
76799
76778
76801
76780
76830
76809
76832
76811
76861
76840
76863
76842
76892
76871
76894
76873
76923
76902
76925
76904
76954
76933
76956
76935
76985
76964
76987
76966
77016
76995
77018
76997
77047
77026
77049
77028
77078
77057
77080
77059
77109
77088
77111
77090
77140
77119
77142
77121
77171
77150
77173
77152
77202
77181
77204
77183
77233
77212
77235
77214
77264
77243
77266
77245
77295
77274
77297
77276
77326
77305
77328
77307
77357
77336
77359
77338
77388
77367
77390
77369
77419
77398
77421
77400
77450
77429
77452
77431
77481
77460
77483
77462
77512
77491
77514
77493
77543
77522
77545
77524
77574
77553
77576
77555
77605
77584
77607
77586
77636
77615
77638
77617
77667
77646
77669
77648
77698
77677
77700
77679
77729
77708
77731
77710
77760
77739
77762
77741
77791
77770
77793
77772
77822
77801
77824
77803
77853
77832
77855
77834
77884
77863
77886
77865
77915
77894
77917
77896
77946
77925
77948
77927
77977
77956
77979
77958
78008
77987
78010
77989
78039
78018
78041
78020
78070
78049
78072
78051
78101
78080
78103
78082
78132
78111
78134
78113
78163
78142
78165
78144
78194
78173
78196
78175
78225
78204
78227
78206
78256
78235
78258
78237
78287
78266
78289
78268
78318
78297
78320
78299
78349
78328
78351
78330
78380
78359
78382
78361
78411
78390
78413
78392
78442
78421
78444
78423
78473
78452
78475
78454
78504
78483
78506
78485
78535
78514
78537
78516
78566
78545
78568
78547
78597
78576
78599
78578
78628
78607
78630
78609
78659
78638
78661
78640
78690
78669
78692
78671
78721
78700
78723
78702
78752
78731
78754
78733
78783
78762
78785
78764
78814
78793
78816
78795
78845
78824
78847
78826
78876
78855
78878
78857
78907
78886
78909
78888
78938
78917
78940
78919
78969
78948
78971
78950
79000
78979
79002
78981
79031
79010
79033
79012
79062
79041
79064
79043
79093
79072
79095
79074
79124
79103
79126
79105
79155
79134
79157
79136
79186
79165
79188
79167
79217
79196
79219
79198
79248
79227
79250
79229
79279
79258
79281
79260
79310
79289
79312
79291
79341
79320
79343
79322
79372
79351
79374
79353
79403
79382
79405
79384
79434
79413
79436
79415
79465
79444
79467
79446
79496
79475
79498
79477
79527
79506
79529
79508
79558
79537
79560
79539
79591
79568
79599
79570
79630
79601
79632
