1
248
251
498
501
748
751
998
1001
1248
1251
1498
1501
1748
1751
1998
2001
2248
2251
2498
2501
2748
2751
2998
3001
3248
3251
3498
3501
3748
3751
3998
4001
4248
4251
4498
4501
4748
4751
4998
5001
5248
5251
5498
5501
5748
5751
5998
6001
6248
6251
6498
6501
6748
6751
6998
7001
7248
7251
7498
7501
7748
7751
7998
8001
8248
8251
8498
8501
8748
8751
8998
9001
9248
9251
9498
9501
9748
9751
9998
10001
10248
10251
10498
10501
10748
10751
10998
11001
11248
11251
11498
11501
11748
11751
11998
12001
12248
12251
12498
12501
12748
12751
12998
13001
13248
13251
13498
13501
13748
13751
13998
14001
14248
14251
14498
14501
14748
14751
14998
15001
15248
15251
15498
15501
15748
15751
15998
16001
16248
16251
16498
16501
16748
16751
16998
17001
17248
17251
17498
17501
17748
17751
17998
18001
18248
18251
18498
18501
18748
18751
18998
19001
19248
19251
19498
19501
19748
19751
19998
20001
20248
20251
20498
20501
20748
20751
20998
21001
21248
21251
21498
21501
21748
21751
21998
22001
22248
22251
22498
22501
22748
22751
22998
23001
23248
23251
23498
23501
23748
23751
23998
24001
24248
24251
24498
24501
24748
24751
24998
25001
25248
25251
25498
25501
25748
25751
25998
26001
26248
26251
26498
26501
26748
26751
26998
27001
27248
27251
27498
27501
27748
27751
27998
28001
28248
28251
28498
28501
28748
28751
28998
29001
29248
29251
29498
29501
29748
29751
29998
30001
30248
30251
30498
30501
30748
30751
30998
31001
31248
31251
31498
31501
31748
31751
31998
32001
32248
32251
32498
32501
32748
32751
32998
33001
33248
33251
33498
33501
33748
33751
33998
34001
34248
34251
34498
34501
34748
34751
34998
35001
35248
35251
35498
35501
35748
35751
35998
36001
36248
36251
36498
36501
36748
36751
36998
37001
37248
37251
37498
37501
37748
37751
37998
38001
38248
38251
38498
38501
38748
38751
38998
39001
39248
39251
39498
39501
39748
39751
39998
40001
40248
40251
40498
40501
40748
40751
40998
41001
41248
41251
41498
41501
41748
41751
41998
42001
42248
42251
42498
42501
42748
42751
42998
43001
43248
43251
43498
43501
43748
43751
43998
44001
44248
44251
44498
44501
44748
44751
44998
45001
45248
45251
45498
45501
45748
45751
45998
46001
46248
46251
46498
46501
46748
46751
46998
47001
47248
47251
47498
47501
47748
47751
47998
48001
48248
48251
48498
48501
48748
48751
48998
49001
49248
49251
49498
49501
49748
49751
49998
50001
50248
50251
50498
50501
50748
50751
50998
51001
51248
51251
51498
51501
51748
51751
51998
52001
52248
52251
52498
52501
52748
52751
52998
53001
53248
53251
53498
53501
53748
53751
53998
54001
54248
54251
54498
54501
54748
54751
54998
55001
55248
55251
55498
55501
55748
55751
55998
56001
56248
56251
56498
56501
56748
56751
56998
57001
57248
57251
57498
57501
57748
57751
57998
58001
58248
58251
58498
58501
58748
58751
58998
59001
59248
59251
59498
59501
59748
59751
59998
60001
60248
60251
60498
60501
60748
60751
60998
61001
61248
61251
61498
61501
61748
61751
61998
62001
62248
62251
62498
62501
62748
62751
62998
63001
63248
63251
63498
63501
63748
63751
63998
64001
64248
64251
64498
64501
64748
64751
64998
65001
65248
65251
65498
65501
65748
65751
65998
66001
66248
66251
66498
66501
66748
66751
66998
67001
67248
67251
67498
67501
67748
67751
67998
68001
68248
68251
68498
68501
68748
68751
68998
69001
69248
69251
69498
69501
69748
69751
69998
70001
70248
70251
70498
70501
70748
70751
70998
71001
71248
71251
71498
71501
71748
71751
71998
72001
72248
72251
72498
72501
72748
72751
72998
73001
73248
73251
73498
73501
73748
73751
73998
74001
74248
74251
74498
74501
74748
74751
74998
